>>> 3.111111111111111 7595.44355697377 0 0 0 0 0 0 0 0 0 0 7595.44355697377 0 0 0
>>> 3.3030303030303028 5774.44972354721 0 0 0 0 0 0 0 0 0 0 5774.44972354721 0 0 0
>>> 3.494949494949495 4409.92644849281 0 0 0 0 0 0 0 0 0 0 4409.92644849281 0 0 0
>>> 3.686868686868687 3378.95030140461 0 0 0 0 0 0 0 0 0 0 3378.95030140461 0 0 0
>>> 3.8787878787878785 2594.73072388764 0 0 0 0 0 0 0 0 0 0 2594.73072388764 0 0 0
>>> 4.070707070707071 1994.99950092201 0 0 0 0 0 0 0 0 0 0 1994.99950092201 0 0 0
>>> 4.262626262626263 1534.44247064122 0 0 0 0 0 0 0 0 0 0 1534.44247064122 0 0 0
>>> 4.454545454545454 1179.66636022585 0 0 0 0 0 0 0 0 0 0 1179.66636022585 0 0 0
>>> 4.646464646464646 905.788889744066 0 0 0 0 0 0 0 0 0 0 905.788889744066 0 0 0
>>> 4.838383838383838 694.090435463341 0 0 0 0 0 0 0 0 0 0 694.090435463341 0 0 0
>>> 5.03030303030303 530.371025774215 0 0 0 0 0 0 0 0 0 0 530.371025774215 0 0 0
>>> 5.222222222222222 403.783681586731 0 0 0 0 0 0 0 0 0 0 403.783681586731 0 0 0
>>> 5.4141414141414135 305.994174268233 0 0 0 0 0 0 0 0 0 0 305.994174268233 0 0 0
>>> 5.6060606060606055 230.568484207402 0 0 0 0 0 0 0 0 0 0 230.568484207402 0 0 0
>>> 5.797979797979798 172.521145288195 0 0 0 0 0 0 0 0 0 0 172.521145288195 0 0 0
>>> 5.98989898989899 127.977977913605 0 0 0 0 0 0 0 0 0 0 127.977977913605 0 0 0
>>> 6.181818181818182 93.9219929303645 0 0 0 0 0 0 0 0 0 0 93.9219929303645 0 0 0
>>> 6.373737373737374 68.0004575868111 0 0 0 0 0 0 0 0 0 0 68.0004575868111 0 0 0
>>> 6.565656565656565 48.3773000844938 0 0 0 0 0 0 0 0 0 0 48.3773000844938 0 0 0
>>> 6.757575757575757 33.6195185178546 0 0 0 0 0 0 0 0 0 0 33.6195185178546 0 0 0
>>> 6.949494949494949 22.6091536711739 0 0 0 0 0 0 0 0 0 0 22.6091536711739 0 0 0
>>> 7.141414141414141 14.4747995936688 0 0 0 0 0 0 0 0 0 0 14.4747995936688 0 0 0
>>> 7.333333333333333 8.53816432312211 0 0 0 0 0 0 0 0 0 0 8.53816432312211 0 0 0
>>> 7.525252525252525 4.27228553049255 0 0 0 0 0 0 0 0 0 0 4.27228553049255 0 0 0
>>> 7.717171717171717 1.26874128905613 0 0 0 0 0 0 0 0 0 0 1.26874128905613 0 0 0
>>> 7.909090909090908 -0.788104476811343 0 0 0 0 0 0 0 0 0 0 -0.788104476811343 0 0 0
>>> 8.1010101010101 -2.14133540855609 0 0 0 0 0 0 0 0 0 0 -2.14133540855609 0 0 0
>>> 8.292929292929292 -2.97738620717852 0 0 0 0 0 0 0 0 0 0 -2.97738620717852 0 0 0
>>> 8.484848484848484 -3.43852464266395 0 0 0 0 0 0 0 0 0 0 -3.43852464266395 0 0 0
>>> 8.676767676767676 -3.63265382548187 0 0 0 0 0 0 0 0 0 0 -3.63265382548187 0 0 0
>>> 8.868686868686869 -3.64105391445453 0 0 0 0 0 0 0 0 0 0 -3.64105391445453 0 0 0
>>> 9.06060606060606 -3.52445659786022 0 0 0 0 0 0 0 0 0 0 -3.52445659786022 0 0 0
>>> 9.252525252525253 -3.32779231476305 0 0 0 0 0 0 0 0 0 0 -3.32779231476305 0 0 0
>>> 9.444444444444445 -3.08389404284419 0 0 0 0 0 0 0 0 0 0 -3.08389404284419 0 0 0
>>> 9.636363636363635 -2.81638717264183 0 0 0 0 0 0 0 0 0 0 -2.81638717264183 0 0 0
>>> 9.828282828282827 -2.54193315811509 0 0 0 0 0 0 0 0 0 0 -2.54193315811509 0 0 0
>>> 10.020202020202019 -2.27196456633116 0 0 0 0 0 0 0 0 0 0 -2.27196456633116 0 0 0
>>> 10.212121212121211 -2.01402153895857 0 0 0 0 0 0 0 0 0 0 -2.01402153895857 0 0 0
>>> 10.404040404040403 -1.77277414078787 0 0 0 0 0 0 0 0 0 0 -1.77277414078787 0 0 0
>>> 10.595959595959595 -1.55080590140992 0 0 0 0 0 0 0 0 0 0 -1.55080590140992 0 0 0
>>> 10.787878787878787 -1.34921246824059 0 0 0 0 0 0 0 0 0 0 -1.34921246824059 0 0 0
>>> 10.97979797979798 -1.16805319641951 0 0 0 0 0 0 0 0 0 0 -1.16805319641951 0 0 0
>>> 11.171717171717171 -1.00668888157333 0 0 0 0 0 0 0 0 0 0 -1.00668888157333 0 0 0
>>> 11.363636363636363 -0.864031875620642 0 0 0 0 0 0 0 0 0 0 -0.864031875620642 0 0 0
>>> 11.555555555555555 -0.738729082842952 0 0 0 0 0 0 0 0 0 0 -0.738729082842952 0 0 0
>>> 11.747474747474747 -0.629293739013802 0 0 0 0 0 0 0 0 0 0 -0.629293739013802 0 0 0
>>> 11.93939393939394 -0.534197998336232 0 0 0 0 0 0 0 0 0 0 -0.534197998336232 0 0 0
>>> 12.13131313131313 -0.451936907462594 0 0 0 0 0 0 0 0 0 0 -0.451936907462594 0 0 0
>>> 12.323232323232322 -0.381071222144388 0 0 0 0 0 0 0 0 0 0 -0.381071222144388 0 0 0
>>> 12.515151515151514 -0.320254014910966 0 0 0 0 0 0 0 0 0 0 -0.320254014910966 0 0 0
>>> 12.707070707070706 -0.26824545968494 0 0 0 0 0 0 0 0 0 0 -0.26824545968494 0 0 0
>>> 12.898989898989898 -0.223919176339988 0 0 0 0 0 0 0 0 0 0 -0.223919176339988 0 0 0
>>> 13.09090909090909 -0.186262689047136 0 0 0 0 0 0 0 0 0 0 -0.186262689047136 0 0 0
>>> 13.282828282828282 -0.154373910854759 0 0 0 0 0 0 0 0 0 0 -0.154373910854759 0 0 0
>>> 13.474747474747474 -0.127455072737884 0 0 0 0 0 0 0 0 0 0 -0.127455072737884 0 0 0
>>> 13.666666666666666 -0.104805136267231 0 0 0 0 0 0 0 0 0 0 -0.104805136267231 0 0 0
>>> 13.858585858585858 -0.085811439778034 0 0 0 0 0 0 0 0 0 0 -0.085811439778034 0 0 0
>>> 14.05050505050505 -0.0699411085206574 0 0 0 0 0 0 0 0 0 0 -0.0699411085206574 0 0 0
>>> 14.242424242424242 -0.0567325784644826 0 0 0 0 0 0 0 0 0 0 -0.0567325784644826 0 0 0
>>> 14.434343434343434 -0.0457865540535634 0 0 0 0 0 0 0 0 0 0 -0.0457865540535634 0 0 0
>>> 14.626262626262625 -0.0367563203144373 0 0 0 0 0 0 0 0 0 0 -0.0367563203144373 0 0 0
>>> 14.818181818181817 -0.029341423844459 0 0 0 0 0 0 0 0 0 0 -0.029341423844459 0 0 0
>>> 15.010101010101009 -0.0232826859602801 0 0 0 0 0 0 0 0 0 0 -0.0232826859602801 0 0 0
>>> 15.2020202020202 -0.018357523589814 0 0 0 0 0 0 0 0 0 0 -0.018357523589814 0 0 0
>>> 15.393939393939393 -0.0143756108596344 0 0 0 0 0 0 0 0 0 0 -0.0143756108596344 0 0 0
>>> 15.585858585858585 -0.0111749028040514 0 0 0 0 0 0 0 0 0 0 -0.0111749028040514 0 0 0
>>> 15.777777777777777 -0.00861802582567013 0 0 0 0 0 0 0 0 0 0 -0.00861802582567013 0 0 0
>>> 15.969696969696969 -0.00658902776076017 0 0 0 0 0 0 0 0 0 0 -0.00658902776076017 0 0 0
>>> 16.16161616161616 -0.00499047242856169 0 0 0 0 0 0 0 0 0 0 -0.00499047242856169 0 0 0
>>> 16.353535353535353 -0.00374085842447464 0 0 0 0 0 0 0 0 0 0 -0.00374085842447464 0 0 0
>>> 16.545454545454547 -0.00277233891873017 0 0 0 0 0 0 0 0 0 0 -0.00277233891873017 0 0 0
>>> 16.737373737373737 -0.00202871777809845 0 0 0 0 0 0 0 0 0 0 -0.00202871777809845 0 0 0
>>> 16.929292929292927 -0.00146369700330743 0 0 0 0 0 0 0 0 0 0 -0.00146369700330743 0 0 0
>>> 17.12121212121212 -0.0010393509370073 0 0 0 0 0 0 0 0 0 0 -0.0010393509370073 0 0 0
>>> 17.31313131313131 -0.000724803694404929 0 0 0 0 0 0 0 0 0 0 -0.000724803694404929 0 0 0
>>> 17.505050505050505 -0.000495087611748095 0 0 0 0 0 0 0 0 0 0 -0.000495087611748095 0 0 0
>>> 17.696969696969695 -0.000330162055702311 0 0 0 0 0 0 0 0 0 0 -0.000330162055702311 0 0 0
>>> 17.88888888888889 -0.000214073585776375 0 0 0 0 0 0 0 0 0 0 -0.000214073585776375 0 0 0
>>> 18.08080808080808 -0.000134240137503981 0 0 0 0 0 0 0 0 0 0 -0.000134240137503981 0 0 0
>>> 18.27272727272727 -8.08435432166799e-05 0 0 0 0 0 0 0 0 0 0 -8.08435432166799e-05 0 0 0
>>> 18.464646464646464 -4.63162937825749e-05 0 0 0 0 0 0 0 0 0 0 -4.63162937825749e-05 0 0 0
>>> 18.656565656565654 -2.49099449896895e-05 0 0 0 0 0 0 0 0 0 0 -2.49099449896895e-05 0 0 0
>>> 18.848484848484848 -1.23339721211107e-05 0 0 0 0 0 0 0 0 0 0 -1.23339721211107e-05 0 0 0
>>> 19.040404040404038 -5.45516831635335e-06 0 0 0 0 0 0 0 0 0 0 -5.45516831635335e-06 0 0 0
>>> 19.232323232323232 -2.04886425795794e-06 0 0 0 0 0 0 0 0 0 0 -2.04886425795794e-06 0 0 0
>>> 19.424242424242422 -5.94319773752684e-07 0 0 0 0 0 0 0 0 0 0 -5.94319773752684e-07 0 0 0
>>> 19.616161616161616 -1.07605822503574e-07 0 0 0 0 0 0 0 0 0 0 -1.07605822503574e-07 0 0 0
>>> 19.808080808080806 -6.16335009789591e-09 0 0 0 0 0 0 0 0 0 0 -6.16335009789591e-09 0 0 0
>>> 20.0 -3.38024692455737e-17 0 0 0 0 0 0 0 0 0 0 -3.38024692455737e-17 0 0 0
