>>> 1.0 -4.79739570352092e-18 3.40790920068886e-18 331.982511771439
>>> 1.393939393939394 -1.76496816001916e-18 -1.82315766001612e-17 170.792909982038
>>> 1.7878787878787878 -4.15812131194307e-18 -5.57272356215226e-18 103.765302522796
>>> 2.1818181818181817 -4.40235634367996e-18 -2.74565853542963e-17 69.6341386262238
>>> 2.5757575757575757 1.34641540486587e-17 -1.23686367573439e-17 49.9342534402798
>>> 2.9696969696969697 -5.11452699782548e-17 2.04855974386074e-17 37.5515990944511
>>> 3.3636363636363633 4.52312528833409e-18 -4.45202566328732e-17 29.2722968474501
>>> 3.7575757575757573 -2.62102233649186e-17 -6.8481597007787e-18 23.471462761588
>>> 4.151515151515151 -5.78008647074258e-18 6.32210957797758e-17 19.2552102466311
>>> 4.545454545454545 9.85263564812466e-17 9.79033903459396e-17 16.0982341806458
>>> 4.9393939393939394 4.00939548682623e-17 -8.97153637840866e-18 13.6749773910479
>>> 5.333333333333333 -4.05483532230057e-17 2.98941288300619e-17 11.7745827096147
>>> 5.727272727272727 -5.7045638003518e-17 -1.63001201550498e-16 10.255410312813
>>> 6.121212121212121 -2.41927637252877e-16 2.78614989914631e-17 9.01935380020398
>>> 6.515151515151515 5.46958370907815e-17 -1.26612869844007e-16 7.99676543174848
>>> 6.909090909090909 4.89162720765164e-17 -1.02100266281831e-16 7.13725647169339
>>> 7.303030303030303 -1.31029734963104e-16 -1.78700615538687e-16 6.40390195779748
>>> 7.696969696969696 -1.18265142407619e-16 -2.30111349782217e-16 5.76951134027627
>>> 8.09090909090909 3.15464044513328e-17 4.60954543344444e-18 5.21416028434547
>>> 8.484848484848484 -1.17780624576521e-16 8.30766166055529e-17 4.72349850805123
>>> 8.878787878787879 -8.81515093703346e-17 3.00992060747403e-17 4.28742378710507
>>> 9.272727272727272 -4.82117736458589e-18 -1.58468495840584e-16 3.89848517356895
>>> 9.666666666666666 -3.44218163260962e-16 -2.4375373169998e-16 3.55098205542836
>>> 10.06060606060606 -3.74486362006729e-17 -6.63935071612347e-17 2.79244310321775
>>> 10.454545454545453 1.25672599051575e-17 -6.82378761900765e-17 2.62102025174099
>>> 10.848484848484848 -5.32734508150988e-17 -2.14501093049167e-16 2.45715099790303
>>> 11.242424242424242 1.07202696455039e-17 -3.76846950416224e-17 2.30322570770956
>>> 11.636363636363637 -1.335050159008e-16 -9.76994729663892e-17 2.16105734814708
>>> 12.03030303030303 -1.87254086525252e-16 -1.22330207879832e-16 2.03188148718269
>>> 12.424242424242424 -1.23374898722449e-16 1.78574487448475e-17 1.91635629376421
>>> 12.818181818181818 -5.67725224910389e-18 3.57310025549774e-17 1.81456253782014
>>> 13.212121212121211 -9.85594137103484e-17 -2.35027082442144e-16 1.72600359025963
>>> 13.606060606060606 -3.06444842077279e-16 -2.5500827642491e-16 1.64960542297255
>>> 14.0 -2.5056863567485e-18 5.02342286454122e-17 1.58371682620543
>>> 14.393939393939393 -1.86436905212448e-16 -1.95970629613208e-17 1.52620111590163
>>> 14.787878787878787 -1.20930256035195e-16 7.67878461221435e-18 1.47490587513294
>>> 15.181818181818182 -1.55952739794451e-16 -1.41404896986518e-16 1.42791651008976
>>> 15.575757575757574 -7.25779713277644e-17 9.12466733050908e-17 1.383565375925
>>> 15.969696969696969 -5.01719618064026e-17 -3.67563383494509e-17 1.34043177675404
>>> 16.363636363636363 -5.68256337989322e-18 -2.5317935152063e-16 1.29734196565475
>>> 16.757575757575758 -2.71195338056017e-16 2.60267844181449e-17 1.25336914466751
>>> 17.151515151515152 -1.03419458359233e-16 -1.63375674897552e-16 1.20783346479517
>>> 17.545454545454543 -2.0644864624442e-16 -1.33448378860427e-17 1.16030202600309
>>> 17.939393939393938 -5.86224199242024e-17 -7.62983411928825e-17 1.11058887721906
>>> 18.333333333333332 -2.26581126446525e-16 -1.53230405438593e-16 1.05875501633343
>>> 18.727272727272727 -2.80167894815311e-17 2.43961894765295e-17 1.00510839019901
>>> 19.12121212121212 -5.52889659370873e-17 -1.54802799506881e-17 0.950203894631101
>>> 19.515151515151516 -1.03192954993642e-16 -2.40791061165215e-17 0.894843357523667
>>> 19.909090909090907 2.790094513537e-17 2.39552135295421e-17 0.840044137832745
>>> 20.3030303030303 -4.00490350407753e-17 -8.08516417512679e-18 0.786829309528668
>>> 20.696969696969695 -6.62115652559224e-17 -1.46408205901339e-16 0.736085834744664
>>> 21.09090909090909 -9.90163404852342e-17 6.3889737639871e-17 0.688557190198603
>>> 21.484848484848484 -1.80521525799074e-16 -5.78071252028437e-17 0.644843367193004
>>> 21.87878787878788 -2.8195318291243e-16 -1.74631627675678e-16 0.605400871615019
>>> 22.272727272727273 -1.3456121252535e-16 -1.06405314343749e-16 0.57054272393645
>>> 22.666666666666664 -1.02044765032142e-16 -1.58476240569055e-16 0.540438459213734
>>> 23.06060606060606 -1.33810771128489e-16 -2.07329756538756e-16 0.515114127087956
>>> 23.454545454545453 3.63317377184665e-17 6.82744374243047e-17 0.494452291784837
>>> 23.848484848484848 -3.39863601997846e-17 -2.31704855058915e-16 0.478192032114746
>>> 24.242424242424242 -3.45971204445253e-16 1.9844343524207e-16 0.465928941472685
>>> 24.636363636363637 -1.25209886899474e-17 8.19285647200415e-19 0.45711512783831
>>> 25.030303030303028 -2.53358751593854e-16 -2.71958251951145e-17 0.451059214133489
>>> 25.424242424242422 -4.81355975454377e-17 -1.92562305312777e-17 0.446940073214321
>>> 25.818181818181817 -2.71307119655363e-16 -1.62387384508573e-16 0.44392818003513
>>> 26.21212121212121 -2.44658565984012e-16 -1.28683931883362e-16 0.441288217341642
>>> 26.606060606060606 -9.434325622378e-17 4.62518821575704e-17 0.438386490442648
>>> 27.0 -2.08854173258127e-16 -1.77387827933948e-16 0.434690927210006
>>> 27.393939393939394 -7.72249124867443e-17 -1.1454945277533e-16 0.429771078078628
>>> 27.787878787878785 -3.81051246913841e-16 -1.63225474509396e-16 0.423298116046496
>>> 28.18181818181818 -2.36101599844205e-16 -3.34301390987551e-16 0.415044836674651
>>> 28.575757575757574 -8.24755038957716e-17 -2.88699512912828e-17 0.404885658087203
>>> 28.96969696969697 -2.05329057728116e-16 -1.42956510584996e-16 0.392796620971318
>>> 29.363636363636363 -2.5437929154452e-17 -4.51370184017581e-17 0.378855388577227
>>> 29.757575757575758 4.7252861320835e-17 -7.32620090294144e-17 0.363241246718227
>>> 30.15151515151515 -7.84448245083133e-17 -8.39228396106956e-17 0.346235103770677
>>> 30.545454545454543 -8.75149633710206e-17 -2.11273348268529e-16 0.328219490673998
>>> 30.939393939393938 -1.47209700065112e-16 -2.16897640496496e-16 0.309672374130116
>>> 31.333333333333332 -7.17937297554111e-17 -2.66996892385915e-16 0.291093788127385
>>> 31.727272727272727 -8.21849603636135e-17 8.45262645400428e-17 0.272928244086725
>>> 32.121212121212125 -2.50576371685555e-17 4.3487239548436e-17 0.255557135108415
>>> 32.515151515151516 -6.65670480915373e-17 -1.41229730528307e-16 0.239298735969104
>>> 32.90909090909091 -5.63183145859349e-17 -1.32682401140255e-17 0.224408203121834
>>> 33.303030303030305 -2.63979017743134e-16 -2.20743466781548e-16 0.211077574696026
>>> 33.696969696969695 3.45316741158454e-17 -1.66887485776696e-16 0.199435770497483
>>> 34.090909090909086 -1.27247467355742e-16 2.2783034357106e-18 0.189548592008395
>>> 34.484848484848484 4.78626767744208e-17 -2.05835693468323e-16 0.181418722387331
>>> 34.878787878787875 -8.4878221911417e-18 -2.62718375249667e-16 0.174985726469244
>>> 35.27272727272727 -4.5796301405629e-17 -4.41117072852661e-17 0.170126050765471
>>> 35.666666666666664 -5.87588210289075e-17 -1.9602562932316e-17 0.166653023463732
>>> 36.06060606060606 -3.64358867132145e-16 -1.6821205604462e-16 0.164316854428127
>>> 36.45454545454545 -2.3333815679956e-16 -3.78794794221267e-17 0.162807068966364
>>> 36.848484848484844 -1.41697602524442e-16 -1.24106416323922e-16 0.161792058552238
>>> 37.24242424242424 -2.99875850968646e-16 -4.67125169601118e-16 0.160971393830063
>>> 37.63636363636363 -1.62902358724119e-16 -2.24432401190128e-16 0.160082645045811
>>> 38.03030303030303 -2.94771782392061e-17 -2.61268370020924e-16 0.158901383185374
>>> 38.42424242424242 -9.37374691824263e-17 1.97206116659936e-17 0.157241179974559
>>> 38.81818181818181 -1.53334795446018e-16 -1.0688422603153e-16 0.154953607879097
>>> 39.21212121212121 -8.3111088526765e-17 -1.25570239076363e-17 0.151928240104639
>>> 39.6060606060606 1.818798240946e-17 5.71968099530739e-17 0.14809265059675
>>> 40.0 -3.19169058236252e-16 2.06471155782365e-16 0.14341241404092
